0.296756
0.696276
0.961928
0.328581
0.826952
0.411203
0.264867
0.698129
0.607554
0.206162
0.779117
0.700671
0.719138
0.205678
0.281164
0.423895
0.560179
0.464719
0.972703
0.415411
0.922569
0.695717
0.76046
0.956216
0.747208
0.0949204
0.330762
0.0937361
0.972893
0.800262
0.528303
0.833619
0.587721
0.547997
0.675704
0.620238
0.484104
0.204407
0.741349
0.366029
0.744883
0.405018
0.675516
0.39656
0.854501
0.935527
0.491808
0.797803
0.886922
0.593184
0.150174
0.39503
0.955714
0.929746
0.250877
0.260942
0.284046
0.11262
0.406668
0.436639
0.0536219
0.265171
0.496847
0.661969
0.467157
0.719475
0.241922
0.860947
0.108144
0.669356
0.223788
0.245486
0.700034
0.931058
0.0316081
0.293657
0.648192
0.309431
0.199891
0.608616
0.111037
0.736176
0.475326
0.756441
0.958464
0.165701
0.732059
0.684182
0.670398
0.673059
0.294521
0.700313
0.56105
0.0219345
0.721654
0.51288
0.90009
0.801171
0.840871
0.556532
0.0667002
0.956843
0.0776206
0.299731
0.32908
0.0349296
0.660718
0.081006
0.468816
0.395501
0.234619
0.289794
0.942222
0.271835
0.333696
0.287094
0.544436
0.368447
0.125278
0.05277
0.563619
0.45571
0.800721
0.276593
0.408085
0.280946
0.622007
0.858334
0.186718
0.274108
0.845548
0.175975
0.42315
0.736132
0.769523
0.110046
0.213159
0.23424
0.58126
0.616511
0.108381
0.189799
0.0474357
0.150208
0.809333
0.908878
0.0861618
0.980787
0.47519
0.0087019
0.984174
0.622643
0.897098
0.646109
0.396694
0.805603
0.846198
0.661542
0.558993
0.183722
0.488236
0.527957
0.823181
0.315971
0.0465425
0.67544
0.720563
0.23518
0.775749
0.113647
0.435909
0.476824
0.797087
0.19049
0.509433
0.431943
0.46409
0.774989
0.609203
0.516717
0.665707
0.738681
0.874525
0.761732
0.505884
0.346714
0.668782
0.304523
0.221293
0.642647
0.609093
0.455094
0.503272
0.0793783
0.863647
0.0623752
0.613828
0.799781
0.558943
0.173571
0.531942
0.628391
0.723896
0.987627
0.159176
0.103036
0.542247
0.626381
0.139075
0.201476
0.188203
0.919599
0.105436
0.985852
0.135367
0.356732
0.640597
0.546848
0.50385
0.100144
0.395642
0.152899
0.0494067
0.0668937
0.34916
0.186141
0.860489
0.566476
0.739267
0.934972
0.203624
0.859828
0.911373
0.627473
0.533058
0.219673
0.178067
0.140977
0.720426
0.234949
0.696556
0.334489
0.583638
0.461658
0.976516
0.916427
0.918222
0.849396
0.727275
0.837938
0.876204
0.469762
0.859659
0.163364
0.234427
0.758748
0.798508
0.105257
0.732347
0.156948
0.681589
0.574921
0.0637214
0.296988
0.287906
0.247166
0.252555
0.396365
0.4612
0.293455
0.66733
0.293503
0.0376533
0.315424
0.0114166
0.8544
0.177611
0.78285
0.866443
0.492099
0.917359
0.839243
0.790837
0.278836
0.661424
0.884912
0.348656
0.793304
0.0567991
0.440124
0.365568
0.896632
0.0517708
0.915312
0.397723
0.397386
0.447755
0.850032
0.812269
0.617813
0.0334707
0.929682
0.300186
0.60678
0.847448
0.22198
0.137034
0.698812
0.358259
0.416413
0.482175
0.0286088
0.0278502
0.868945
0.818296
0.880661
0.0206708
0.0113681
0.536735
0.69274
0.807327
0.175812
0.818164
0.0638281
0.291408
0.558201
0.790772
0.422992
0.970257
0.885016
0.458098
0.0497033
0.317027
0.92056
0.185319
0.0737483
0.211249
0.156374
0.176988
0.230534
0.40953
0.984561
0.210141
0.853578
0.738417
0.645359
0.717345
0.133421
0.45183
0.86261
0.795443
0.777845
0.645704
0.0146843
0.127066
0.623387
0.749781
0.0415439
0.433608
0.499311
0.764673
0.371172
0.520758
0.404816
0.377096
0.122019
0.768718
0.222001
0.426097
0.506135
0.961386
0.646442
0.0851522
0.816571
0.10161
0.488862
0.307798
0.729862
0.719014
0.372449
0.912615
0.952076
0.188744
0.293438
0.0399014
0.980025
0.799483
0.696288
0.764145
0.226864
0.913004
0.0738121
0.758971
0.161874
0.657752
0.7252
0.137135
0.106746
0.801342
0.203248
0.375152
0.24061
0.69332
0.580748
0.248469
0.87698
0.96731
0.370501
0.428653
0.208634
0.343928
0.30781
0.244676
0.911622
0.760047
0.202619
0.777876
0.573726
0.915993
0.593509
0.949638
0.564283
0.773609
0.167891
0.862602
0.583102
0.0339352
0.600135
0.690819
0.598005
0.251075
0.847671
0.193768
0.627927
0.949558
0.200543
0.468573
0.975357
0.433729
0.877205
0.698145
0.407929
0.450561
0.299327
0.341884
0.314559
0.331445
0.483373
0.626623
0.147775
0.0809454
0.208772
0.421742
0.117123
0.26575
0.584792
0.439151
0.969662
0.296888
0.324136
0.777227
0.799595
0.897585
0.686871
0.281245
0.0437923
0.71178
0.748309
0.0561423
0.921395
0.468756
0.427669
0.273935
0.953156
0.324822
0.927561
0.428147
0.526953
0.187254
0.726545
0.816657
0.140866
0.850696
0.528935
0.62484
0.694033
0.156829
0.485022
0.80313
0.395886
0.705769
0.164281
0.568069
0.56006
0.422911
0.0999082
0.504357
0.141574
0.847217
0.854445
0.983138
0.259509
0.615664
0.892176
0.974789
0.667513
0.618076
0.288696
0.362885
0.567217
0.972147
0.746209
0.0387902
0.71695
0.945628
0.268857
0.878739
0.204071
0.196638
0.29936
0.607124
0.587267
0.990206
0.334143
0.660629
0.775522
0.772458
0.71287
0.0594801
0.177355
0.163094
0.553199
0.627961
0.818144
0.345308
0.112446
0.629579
0.135499
0.901201
0.354719
0.50517
0.39302
0.299918
0.280084
0.370974
0.349672
0.606723
0.17238
0.475143
0.929459
0.603529
0.129042
0.894694
0.253948
0.599299
0.490753
0.281011
0.136097
0.897538
0.102135
0.185271
0.687749
0.768089
0.490301
0.101466
0.102276
0.888461
0.691118
0.407196
0.172405
0.234634
0.997224
0.0988352
0.805113
0.951752
0.672647
0.927535
0.252898
0.946018
0.776816
0.271777
0.0336319
0.677409
0.0688191
0.341992
0.0806008
0.55395
0.650661
0.320735
0.394727
0.640031
0.45879
0.259537
0.481853
0.0863484
0.917928
0.097465
0.258183
0.191253
0.430107
0.38491
0.477768
0.496556
0.071518
0.760307
0.107477
0.19288
0.780962
0.62828
0.128098
0.190311
0.800147
0.769279
0.0755606
0.787145
0.589134
0.343455
0.278968
0.80076
0.205136
0.743947
0.908277
0.751613
0.297353
0.373174
0.117918
0.209026
0.585396
0.150287
0.219394
0.387192
0.873574
0.0518779
0.605201
0.86248
0.879255
0.634572
0.352456
0.550529
0.822019
0.892292
0.350202
0.535497
0.442318
0.571009
0.414306
0.692711
0.723456
0.300049
0.019681
0.152178
0.476887
0.0673073
0.898092
0.455993
0.758726
0.961618
0.646566
0.21655
0.819319
0.784234
0.807167
0.651356
0.111247
0.198048
0.527808
0.0885318
0.103549
0.386974
0.173101
0.729197
0.632198
0.576744
0.942387
0.988157
0.237709
0.705186
0.284574
0.767496
0.211978
0.0643102
0.805397
0.0545861
0.750645
0.693541
0.357548
0.050614
0.0575387
0.96601
0.524141
0.720063
0.350224
0.735198
0.881578
0.373202
0.621121
0.403486
0.780543
0.411732
0.641747
0.34404
0.914741
0.137212
0.422992
0.754878
0.732304
0.510645
0.155518
0.743698
0.524484
0.953879
0.643841
0.178412
0.562037
0.876075
0.0341182
0.641355
0.54853
0.143881
0.725343
0.250917
0.534507
0.405979
0.703007
0.15034
0.461582
0.582962
0.674867
0.748646
0.698938
0.904837
0.280813
0.250818
0.744951
0.538609
0.776934
0.0684595
0.238909
0.514856
0.0641989
0.400084
0.369575
0.899358
0.961731
0.80247
0.541119
0.867211
0.641829
0.861527
0.870572
0.504372
0.838255
0.136539
0.59233
0.16728
0.249725
0.179382
0.601927
0.515544
0.611692
0.51385
0.975308
0.9342
0.322276
0.0605281
0.728939
0.603762
0.680716
0.912043
0.305338
0.956862
0.414697
0.900561
0.560388
0.697748
0.679662
0.411977
0.930345
0.632109
0.977345
0.37488
0.470682
0.527352
0.742418
0.176311
0.727322
0.247998
0.977709
0.192986
0.39318
0.869165
0.955233
0.404424
0.984287
0.045616
0.900039
0.0370327
0.572709
0.401746
0.759875
0.482863
0.960551
0.686562
0.588798
0.807101
0.373438
0.214805
0.665282
0.88758
0.951816
0.906635
0.361788
0.321344
0.503344
0.183257
0.753003
0.766109
0.100149
0.311311
0.665401
0.31222
0.726597
0.581196
0.787532
0.682295
0.564889
0.621344
0.442278
0.68215
0.934773
0.204028
0.0409605
0.709826
0.926183
0.636107
0.809749
0.813478
0.529231
0.88241
0.494336
0.301545
0.774286
0.259636
0.326809
0.47711
0.690647
0.99578
0.575878
0.908188
0.908612
0.972186
0.215999
0.0418073
0.375691
0.0484645
0.655382
0.566175
0.86034
0.540152
0.399306
0.429545
0.0516882
0.85418
0.95796
0.346711
0.784679
0.963944
0.0613976
0.779381
0.0747956
0.264899
0.252139
0.575285
0.981049
0.149311
0.201695
0.217322
0.622786
0.716422
0.850347
0.230641
0.916695
0.12084
0.164295
0.286108
0.101408
0.408211
0.0664415
0.784338
0.0970998
0.0114741
0.221539
0.729461
0.150095
0.2213
0.912723
0.800349
0.717332
0.46539
0.381758
0.865934
0.736958
0.498722
0.922311
0.306426
0.812141
0.749941
0.194429
0.722929
0.271922
0.205648
0.48463
0.608648
0.0313366
0.714432
0.748302
0.569184
0.351452
0.873693
0.435849
0.723086
0.101643
0.874527
0.347225
0.210165
0.0661506
0.790302
0.987739
0.586661
0.790884
0.897686
0.974294
0.808944
0.800747
0.233606
0.79904
0.707577
0.695351
0.766953
0.195763
0.65706
0.605742
0.385614
0.816864
0.33068
0.099285
0.235446
0.357414
0.876489
0.720962
0.27224
0.457085
0.367907
0.367847
0.458086
0.613891
0.607941
0.74873
0.24535
0.231307
0.351383
0.0714059
0.281918
0.334231
0.361158
0.500361
0.399431
0.472249
0.539012
0.528779
0.877043
0.540086
0.411852
0.280047
0.457273
0.0547981
0.658652
0.562021
0.246301
0.588921
0.600533
0.885872
0.974101
0.326557
0.114197
0.241211
0.487819
0.615088
0.931055
0.0489292
0.973371
0.961917
0.626329
0.215948
0.291177
0.645835
0.615943
0.604049
0.0694965
0.0779662
0.075111
0.917188
0.305651
0.85985
0.821898
0.76516
0.713759
0.156948
0.681589
0.574921
0.524239
0.283716
0.314794
0.713209
0.599177
0.932907
0.392766
0.680035
0.783979
0.376748
0.606613
0.116195
0.839198
0.867484
0.714605
0.0618239
0.656641
0.99221
0.895274
0.339561
0.685581
0.900439
0.492889
0.462749
0.209209
0.233946
0.275
0.539725
0.926466
0.320483
0.583108
0.181351
0.259484
0.41443
0.753932
0.852423
0.718865
0.589908
0.537065
0.957574
0.973395
0.853419
0.121437
0.642641
0.275287
0.927407
0.356747
0.770175
0.582385
0.7642
0.5367
0.891051
0.383307
0.500555
0.0709076
0.566952
0.804608
0.739131
0.815946
0.817209
0.156354
0.651047
0.755468
0.329802
0.496684
0.403717
0.825565
0.927615
0.242888
0.0567309
0.714188
0.316125
0.0436068
0.760423
0.663071
0.072374
0.065721
0.273824
0.778309
0.15479
0.542141
0.637828
0.831742
0.223836
0.757681
0.194213
0.768713
0.267834
0.462624
0.203188
0.335558
0.89122
0.49172
0.86941
0.915645
0.315958
0.936034
0.0270566
0.510871
0.42933
0.408618
0.878338
0.142148
0.235352
0.594488
0.315033
0.673218
0.43413
0.628398
0.683035
0.54643
0.929763
0.193331
0.298786
0.927085
0.127795
0.921965
0.928757
0.73379
0.0712958
0.247209
0.467346
0.116724
0.536072
0.878707
0.640023
0.757729
0.174252
0.388805
0.645182
0.581893
0.681718
0.79145
0.903283
0.340949
0.976256
0.39955
0.531543
0.415219
0.958358
0.363015
0.329174
0.519539
0.518995
0.9478
0.40039
0.259841
0.722915
0.490368
0.792416
0.67856
0.733697
0.976126
0.685048
0.890783
0.355069
0.595294
0.190013
0.722455
0.869664
0.593988
0.99474
0.899989
0.203787
0.264753
0.895132
0.4616
0.736332
0.648187
0.394981
0.266401
0.394952
0.0644484
0.579608
0.552846
0.17201
0.191809
0.156845
0.806179
0.483777
0.462406
0.898681
0.938135
0.295924
0.369993
0.875097
0.559228
0.0955854
0.824882
0.240804
0.255667
0.480391
0.488977
0.596694
0.383998
0.394648
0.433929
0.867691
0.0680539
0.432979
0.116886
0.0966042
0.0956678
0.611192
0.197504
0.441055
0.46135
0.511931
0.173244
0.146055
0.239831
0.871699
0.403189
0.751435
0.127242
0.712365
0.687612
0.247995
0.168117
0.207328
0.639051
0.377767
0.708036
0.791616
0.0779044
0.651767
0.668789
0.933752
0.0490564
0.438582
0.0654191
0.958157
0.15383
0.97698
0.136368
0.395504
0.470683
0.863573
0.105247
0.0567396
0.282192
0.358533
0.957446
0.414783
0.251912
0.855049
0.739694
0.814691
0.170032
0.82187
0.684039
0.52828
0.349147
0.521238
0.465918
0.586541
0.822909
0.931627
0.762867
0.793956
0.424874
0.837358
0.0544649
0.453951
0.725253
0.310374
0.399679
0.417399
0.49235
0.303203
0.925069
0.875647
0.389091
0.928564
0.137302
0.970671
0.283358
0.55054
0.567322
0.429501
0.630142
0.775271
0.261025
0.263388
0.371524
0.616743
0.571034
0.829723
0.275316
0.790482
0.956178
0.25142
0.375972
0.555081
0.677571
0.847013
0.57136
0.475574
0.615573
0.695035
0.297781
0.713975
0.585494
0.720482
0.234278
0.747182
0.722854
0.792613
0.678884
0.817766
0.270301
0.72076
0.099961
0.0857301
0.904075
0.752649
0.155464
0.464328
0.309577
0.225207
0.189255
0.151054
0.474906
0.572115
0.509298
0.441704
0.0946457
0.304142
0.385594
0.741096
0.937361
0.812964
0.47603
0.640339
0.962963
0.087204
0.122662
0.569124
0.0242393
0.106247
0.89048
0.704361
0.472693
0.0749594
0.0390017
0.632596
0.971865
0.720896
0.918919
0.456915
0.509898
0.735043
0.827027
0.374805
0.0981889
0.705804
0.638287
0.59976
0.973251
0.272838
0.828117
0.871872
0.580132
0.544974
0.578952
0.688347
0.900723
0.68511
0.982584
0.747359
0.604438
0.0636037
0.406483
0.217049
0.893777
0.738372
0.397279
0.597406
0.803861
0.265018
0.815645
0.226905
0.985781
0.784614
0.617493
0.340643
0.166148
0.16198
0.585239
0.103863
