0.756685
0.486057
0.526227
0.544316
0.556541
0.30469
0.0976794
0.891285
0.142072
0.168278
0.425018
0.966676
0.658657
0.286895
0.295838
0.0852546
0.341025
0.0357927
0.615032
0.0313463
0.707776
0.882868
0.380092
0.348853
0.0445098
0.339773
0.148645
0.161581
0.751566
0.178914
0.310583
0.737422
0.35854
0.316806
0.580905
0.937033
0.672213
0.471629
0.213481
0.216037
0.0646332
0.378119
0.196533
0.648629
0.413234
0.12082
0.879499
0.51621
0.340914
0.624424
0.964128
0.0181641
0.0322462
0.557963
0.412684
0.90998
0.133271
0.894434
0.656914
0.341497
0.142236
0.673076
0.446076
0.651935
0.113013
0.343653
0.0311858
0.874301
0.600386
0.723445
0.431793
0.279723
0.0965932
0.327417
0.140377
0.738557
0.178166
0.215787
0.402567
0.360992
0.632493
0.316414
0.557089
0.0527059
0.404606
0.192488
0.731312
0.0995331
0.0565799
0.18209
0.827686
0.13894
0.0885271
0.616768
0.78833
0.821136
0.658335
0.94623
0.911461
0.180693
0.154332
0.595937
0.624842
0.113813
0.278019
0.552004
0.494348
0.575396
0.167767
0.425583
0.49779
0.421331
0.565325
0.969596
0.747914
0.428016
0.596468
0.713341
0.436049
0.471273
0.197571
0.564075
0.697473
0.177323
0.270795
0.38743
0.602171
0.56322
0.1844
0.788013
0.0989715
0.322319
0.465186
0.536702
0.24184
0.754779
0.768408
0.320765
0.75298
0.706222
0.0899095
0.46653
0.303054
0.450011
0.585055
0.385467
0.479502
0.0244248
0.239438
0.118471
0.611377
0.129467
0.0179187
0.218812
0.0194346
0.187141
0.196739
0.245076
0.780824
0.1488
0.225074
0.54181
0.944309
0.546582
0.263881
0.296369
0.330703
0.636609
0.611811
0.405113
0.637812
0.694959
0.595305
0.365762
0.630378
0.657225
0.426211
0.900538
0.947343
0.672473
0.988344
0.707885
0.90626
0.0897176
0.846839
0.287544
0.852537
0.709484
0.963926
0.475428
0.392472
0.521786
0.694446
0.188229
0.320526
0.471904
0.626117
0.456019
0.375644
0.228344
0.917106
0.616533
0.875747
0.706676
0.383932
0.910118
0.339093
0.823136
0.542494
0.3975
0.177031
0.825899
0.95848
0.796475
0.621351
0.861259
0.602746
0.265072
0.512846
0.402553
0.718015
0.87715
0.868315
0.227399
0.981542
0.561759
0.957753
0.804019
0.228015
0.747308
0.728694
0.90869
0.320309
0.334672
0.161113
0.783684
0.985108
0.241531
0.95991
0.555808
0.527714
0.71217
0.667505
0.555278
0.896005
0.789653
0.255
0.715067
0.428045
0.44679
0.908572
0.52171
0.968074
0.957808
0.718115
0.152937
0.892455
0.231178
0.882948
0.756796
0.343915
0.775195
0.24471
0.922743
0.454062
0.319582
0.787075
0.37432
0.134604
0.152865
0.810129
0.560821
0.526175
0.839698
0.12682
0.856003
0.909182
0.925782
0.38288
0.10382
0.982991
0.720145
0.350463
0.971844
0.393195
0.957669
0.996664
0.450863
0.833368
0.748945
0.678653
0.890734
0.425568
0.491237
0.876533
0.380129
0.474673
0.613686
0.879866
0.196627
0.731119
0.563915
0.759468
0.605909
0.966706
0.730395
0.446734
0.638704
0.78922
0.785598
0.346989
0.564198
0.798546
0.195661
0.797451
0.337717
0.9914
0.662896
0.91627
0.309645
0.476935
0.780742
0.721703
0.288938
0.524541
0.610556
0.851907
0.750376
0.692511
0.906064
0.956135
0.138723
0.905083
0.0878773
0.755976
0.759354
0.647254
0.429062
0.91567
0.867383
0.984233
0.893555
0.595183
0.629014
0.884466
0.864883
0.773193
0.674522
0.86141
0.227431
0.58877
0.769513
0.385076
0.606273
0.159196
0.871701
0.753088
0.72333
0.66903
0.860365
0.447802
0.341023
0.968967
0.0773278
0.504426
0.909167
0.571494
0.47881
0.440451
0.305234
0.950754
0.583888
0.857393
0.156879
0.955144
0.951369
0.907605
0.815488
0.771524
0.0471423
0.193847
0.666401
0.123724
0.845799
0.843345
0.561829
0.42014
0.72318
0.49186
0.922303
0.766623
0.193626
0.569577
0.932046
0.825249
0.9015
0.802368
0.582358
0.91813
0.0667697
0.832298
0.233263
0.979459
0.956918
0.818134
0.274753
0.380689
0.113839
0.782933
0.978343
0.865077
0.184071
0.421314
0.686678
0.321596
0.11887
0.57701
0.440222
0.97379
0.977837
0.709155
0.686441
0.31714
0.563379
0.607208
0.934764
0.534136
0.917483
0.132795
0.864215
0.926195
0.0329028
0.963973
0.692484
0.701617
0.830822
0.725599
0.266337
0.086406
0.326754
0.914465
0.290955
0.726934
0.855204
0.871827
0.66327
0.590702
0.931397
0.374925
